00000000000000000000000000000000000000
00000000000000000000000000000000000000
00000000000000000000000000000000000000
00000001111100000000000000000000000000
00000001000000000000000000000000000000
00000001000000000000000000000000000000
00000001000000000000000000000000000000
00000000000000000000011100000000000000
00000000000000000000000000000000000000
00000000000000000000000000000000000000
00000000000000000000000000000000000000
00011111000000000000000000000000000000
00000001000000000000000000000000000000
00000001111110000000000000000000000000
00000000000000000000000000000000000000
00000000000000000000000000000000000000
00000000000000000111111100000000000000
00000000000000000000000000000000000000
00000000000000000000000000000000000000
00000000000000000000000000000000000000